'All' -> TestAcc: 0.5555
Classification Report =
              precision    recall  f1-score   support

           0       0.17      0.12      0.14       799
           1       0.92      0.98      0.95       799
           2       0.97      0.97      0.97       799
           3       0.16      0.19      0.17       799
           4       0.87      0.84      0.86       799
           5       0.55      0.98      0.71       799
           6       1.00      0.70      0.82       799
           7       0.94      0.98      0.96       799
           8       0.59      0.37      0.45       799
           9       0.12      0.11      0.11       799
          10       0.39      0.38      0.38       799
          11       0.57      0.57      0.57       799
          12       0.48      0.73      0.58       799
          13       0.59      0.23      0.33       799
          14       0.91      0.96      0.94       799
          15       0.15      0.17      0.16       799
          16       0.33      0.52      0.41       799
          17       0.85      0.80      0.82       799
          18       0.57      0.34      0.43       799
          19       0.52      0.61      0.57       799
          20       0.50      0.62      0.55       799
          21       0.13      0.05      0.07       799

    accuracy                           0.56     17578
   macro avg       0.56      0.56      0.54     17578
weighted avg       0.56      0.56      0.54     17578

Accuracy= 55.552 %
Macro-averaged Precision = 0.558 %
Micro-averaged Precision = 0.556 %
Macro-averaged Recall = 0.556 %
Micro-averaged Recall = 0.556 %
Macro-averaged F1 = 0.543 %
Micro-averaged F1 = 0.556 %
===============
'All' -> TestAcc: 0.7858
Classification Report =
              precision    recall  f1-score   support

           0       0.27      0.27      0.27       390
           1       0.99      0.99      0.99       383
           2       0.99      0.98      0.99       383
           3       0.27      0.30      0.28       383
           4       0.92      0.98      0.95       383
           5       0.97      0.99      0.98       384
           6       1.00      1.00      1.00       383
           7       1.00      1.00      1.00       384
           8       0.95      0.94      0.94       384
           9       0.26      0.31      0.28       383
          10       0.82      0.87      0.85       383
          11       0.85      0.73      0.78       384
          12       0.95      0.93      0.94       383
          13       0.98      0.92      0.95       384
          14       0.98      0.96      0.97       383
          15       0.25      0.16      0.19       384
          16       0.84      0.77      0.80       383
          17       0.93      0.92      0.92       383
          18       0.91      0.89      0.90       383
          19       0.71      0.83      0.77       383
          20       0.81      0.79      0.80       384
          21       0.67      0.76      0.71       384

    accuracy                           0.79      8441
   macro avg       0.79      0.79      0.79      8441
weighted avg       0.79      0.79      0.78      8441

Accuracy= 78.581 %
Macro-averaged Precision = 0.787 %
Micro-averaged Precision = 0.786 %
Macro-averaged Recall = 0.786 %
Micro-averaged Recall = 0.786 %
Macro-averaged F1 = 0.785 %
Micro-averaged F1 = 0.786 %
===============
'All' -> TestAcc: 0.7858
Classification Report =
              precision    recall  f1-score   support

           0       0.27      0.27      0.27       390
           1       0.99      0.99      0.99       383
           2       0.99      0.98      0.99       383
           3       0.27      0.30      0.28       383
           4       0.92      0.98      0.95       383
           5       0.97      0.99      0.98       384
           6       1.00      1.00      1.00       383
           7       1.00      1.00      1.00       384
           8       0.95      0.94      0.94       384
           9       0.26      0.31      0.28       383
          10       0.82      0.87      0.85       383
          11       0.85      0.73      0.78       384
          12       0.95      0.93      0.94       383
          13       0.98      0.92      0.95       384
          14       0.98      0.96      0.97       383
          15       0.25      0.16      0.19       384
          16       0.84      0.77      0.80       383
          17       0.93      0.92      0.92       383
          18       0.91      0.89      0.90       383
          19       0.71      0.83      0.77       383
          20       0.81      0.79      0.80       384
          21       0.67      0.76      0.71       384

    accuracy                           0.79      8441
   macro avg       0.79      0.79      0.79      8441
weighted avg       0.79      0.79      0.78      8441

Accuracy= 78.581 %
Macro-averaged Precision = 0.787 %
Micro-averaged Precision = 0.786 %
Macro-averaged Recall = 0.786 %
Micro-averaged Recall = 0.786 %
Macro-averaged F1 = 0.785 %
Micro-averaged F1 = 0.786 %
===============
